0.00000000e+00 2.73000000e+02 3.73000000e+02 4.73000000e+02 5.73000000e+02 6.73000000e+02 7.73000000e+02 8.73000000e+02 9.73000000e+02 1.07300000e+03 1.17300000e+03 1.27300000e+03
8.00000000e-04 1.15310439e-04 1.32452176e-04 1.53270602e-04 1.70950140e-04 1.85742834e-04 1.98452388e-04 2.09830882e-04 2.20872287e-04 2.31914924e-04 2.42462353e-04 2.54028930e-04
8.10000000e-04 1.15819441e-04 1.33006106e-04 1.53868982e-04 1.71578511e-04 1.86391304e-04 1.99114724e-04 2.10503097e-04 2.21551890e-04 2.32599831e-04 2.43150442e-04 2.54718460e-04
8.20000000e-04 1.16353943e-04 1.33588309e-04 1.54500261e-04 1.72244649e-04 1.87082219e-04 1.99823942e-04 2.11226484e-04 2.22287112e-04 2.33345077e-04 2.43903634e-04 2.55478600e-04
8.30000000e-04 1.16869537e-04 1.34146922e-04 1.55102600e-04 1.72877527e-04 1.87736392e-04 2.00493518e-04 2.11907697e-04 2.22977763e-04 2.34043413e-04 2.44607734e-04 2.56187316e-04
8.40000000e-04 1.17339183e-04 1.34650189e-04 1.55637989e-04 1.73433414e-04 1.88305035e-04 2.01070123e-04 2.12489201e-04 2.23562092e-04 2.34628742e-04 2.45192377e-04 2.56769427e-04
8.50000000e-04 1.17743977e-04 1.35075810e-04 1.56079669e-04 1.73881497e-04 1.88753765e-04 2.01516186e-04 2.12930467e-04 2.23996618e-04 2.35054547e-04 2.45608064e-04 2.57172080e-04
8.60000000e-04 1.18216531e-04 1.35584350e-04 1.56624508e-04 1.74451493e-04 1.89341198e-04 2.02116178e-04 2.13539926e-04 2.24613747e-04 2.35677934e-04 2.46236174e-04 2.57804027e-04
8.70000000e-04 1.18567521e-04 1.35947402e-04 1.56993354e-04 1.74818367e-04 1.89701964e-04 2.02468663e-04 2.13882744e-04 2.24945243e-04 2.35996271e-04 2.46540295e-04 2.58090779e-04
8.80000000e-04 1.18850593e-04 1.36230051e-04 1.57266189e-04 1.75075613e-04 1.89941464e-04 2.02689713e-04 2.14084893e-04 2.25126991e-04 2.36155668e-04 2.46676593e-04 2.58199848e-04
8.90000000e-04 1.19096020e-04 1.36469159e-04 1.57488491e-04 1.75276552e-04 1.90119952e-04 2.02845804e-04 2.14218629e-04 2.25237049e-04 2.36240173e-04 2.46735011e-04 2.58227845e-04
9.00000000e-04 1.19317008e-04 1.36681012e-04 1.57680623e-04 1.75445296e-04 1.90264879e-04 2.02967404e-04 2.14317235e-04 2.25311537e-04 2.36288845e-04 2.46757513e-04 2.58220025e-04
9.10000000e-04 1.19512854e-04 1.36865165e-04 1.57842572e-04 1.75582302e-04 1.90377168e-04 2.03055891e-04 2.14382539e-04 2.25352754e-04 2.36304492e-04 2.46747427e-04 2.58180326e-04
9.20000000e-04 1.19581424e-04 1.36898747e-04 1.57824658e-04 1.75513745e-04 1.90261823e-04 2.02897377e-04 2.14183188e-04 2.25111905e-04 2.36020382e-04 2.46420428e-04 2.57804610e-04
9.30000000e-04 1.19596030e-04 1.36870993e-04 1.57736966e-04 1.75368704e-04 1.90064721e-04 2.02652823e-04 2.13894162e-04 2.24778030e-04 2.35640077e-04 2.45994375e-04 2.57326893e-04
9.40000000e-04 1.19510206e-04 1.36726693e-04 1.57513162e-04 1.75070963e-04 1.89701068e-04 2.02229845e-04 2.13416104e-04 2.24244851e-04 2.35050212e-04 2.45348986e-04 2.56619141e-04
9.50000000e-04 1.19361733e-04 1.36512825e-04 1.57212493e-04 1.74691117e-04 1.89251607e-04 2.01718369e-04 2.12847528e-04 2.23619545e-04 2.34366955e-04 2.44609316e-04 2.55816493e-04
9.60000000e-04 1.19052930e-04 1.36113442e-04 1.56695761e-04 1.74069313e-04 1.88538550e-04 2.00924728e-04 2.11980172e-04 2.22679344e-04 2.33352691e-04 2.43523251e-04 2.54650573e-04
9.70000000e-04 1.18563610e-04 1.35507608e-04 1.55941821e-04 1.73184793e-04 1.87541849e-04 1.99829750e-04 2.10795860e-04 2.21407217e-04 2.31991709e-04 2.42076501e-04 2.53108824e-04
9.80000000e-04 1.17863833e-04 1.34665760e-04 1.54922945e-04 1.72012509e-04 1.86239445e-04 1.98414468e-04 2.09278784e-04 2.19790774e-04 2.30275374e-04 2.40264323e-04 2.51191111e-04
9.90000000e-04 1.16772923e-04 1.33385713e-04 1.53411902e-04 1.70304696e-04 1.84366808e-04 1.96400194e-04 2.07137744e-04 2.17526795e-04 2.27888539e-04 2.37760255e-04 2.48558629e-04
1.00000000e-03 1.14683377e-04 1.31020130e-04 1.50719979e-04 1.67342441e-04 1.81182682e-04 1.93028330e-04 2.03599916e-04 2.13829719e-04 2.24033875e-04 2.33756558e-04 2.44393086e-04
1.01000000e-03 8.92390200e-05 1.04181850e-04 1.22440907e-04 1.38007039e-04 1.51056915e-04 1.62280075e-04 1.72332560e-04 1.82088963e-04 1.91846221e-04 2.01164249e-04 2.11379405e-04
1.02000000e-03 7.44681128e-05 8.77505602e-05 1.04184678e-04 1.18346865e-04 1.30312983e-04 1.40664485e-04 1.49979149e-04 1.59054974e-04 1.68163822e-04 1.76890443e-04 1.86486128e-04
1.03000000e-03 6.43570606e-05 7.62347336e-05 9.10573173e-05 1.03931553e-04 1.14875041e-04 1.24386350e-04 1.32977717e-04 1.41376715e-04 1.49832316e-04 1.57956143e-04 1.66913508e-04
1.04000000e-03 5.67936556e-05 6.75028440e-05 8.09483513e-05 9.26937580e-05 1.02723058e-04 1.11471433e-04 1.19397486e-04 1.27166803e-04 1.35008169e-04 1.42559583e-04 1.50904962e-04
1.05000000e-03 5.08753853e-05 6.06120717e-05 7.28915735e-05 8.36652400e-05 9.28971599e-05 1.00973027e-04 1.08307442e-04 1.15512411e-04 1.22799206e-04 1.29830240e-04 1.37615509e-04
1.06000000e-03 4.60659492e-05 5.49786730e-05 6.62578191e-05 7.61874858e-05 8.47198900e-05 9.22009476e-05 9.90084396e-05 1.05707640e-04 1.12494449e-04 1.19053658e-04 1.26328220e-04
1.09000000e-03 3.57351539e-05 4.27908672e-05 5.17806094e-05 5.97488392e-05 6.66347937e-05 7.27009916e-05 7.82436881e-05 8.37187736e-05 8.92857512e-05 9.46849763e-05 1.00694283e-04
1.12000000e-03 2.89296131e-05 3.47068839e-05 4.20971313e-05 4.86743991e-05 5.43780484e-05 5.94174937e-05 6.40339163e-05 6.86049446e-05 7.32636123e-05 7.77922250e-05 8.28442781e-05
1.15000000e-03 2.40954057e-05 2.89426292e-05 3.51595462e-05 4.07076946e-05 4.55302141e-05 4.97997102e-05 5.37177562e-05 5.76037160e-05 6.15706780e-05 6.54330910e-05 6.97490411e-05
1.18000000e-03 2.04468598e-05 2.45810450e-05 2.98933165e-05 3.46433420e-05 3.87790539e-05 4.24457979e-05 4.58150244e-05 4.91606873e-05 5.25801767e-05 5.59134637e-05 5.96426712e-05
1.21000000e-03 1.76260457e-05 2.12033387e-05 2.58064588e-05 2.99284258e-05 3.35218775e-05 3.67113638e-05 3.96449340e-05 4.25606847e-05 4.55435232e-05 4.84538130e-05 5.17128430e-05
1.24000000e-03 1.53682415e-05 1.84963236e-05 2.25257730e-05 2.61381397e-05 2.92904558e-05 3.20908076e-05 3.46684467e-05 3.72322908e-05 3.98570295e-05 4.24197675e-05 4.52917336e-05
1.27000000e-03 1.35234955e-05 1.62823855e-05 1.98393183e-05 2.30309727e-05 2.58183661e-05 2.82962496e-05 3.05784756e-05 3.28498160e-05 3.51764648e-05 3.74494722e-05 3.99982817e-05
1.30000000e-03 1.20005072e-05 1.44532591e-05 1.76177322e-05 2.04593486e-05 2.29426627e-05 2.51514900e-05 2.71869439e-05 2.92136713e-05 3.12907587e-05 3.33209363e-05 3.55985923e-05
1.33000000e-03 1.07185988e-05 1.29127166e-05 1.57451645e-05 1.82902073e-05 2.05155529e-05 2.24958661e-05 2.43215203e-05 2.61400838e-05 2.80045921e-05 2.98277274e-05 3.18739625e-05
1.36000000e-03 9.62749356e-06 1.16008058e-05 1.41494660e-05 1.64407139e-05 1.84450659e-05 2.02294357e-05 2.18750433e-05 2.35148222e-05 2.51966087e-05 2.68416406e-05 2.86886373e-05
1.39000000e-03 8.69729542e-06 1.04819284e-05 1.27878776e-05 1.48618642e-05 1.66768800e-05 1.82932560e-05 1.97844004e-05 2.12707059e-05 2.27955437e-05 2.42875017e-05 2.59631520e-05
1.42000000e-03 7.88475779e-06 9.50419295e-06 1.15974474e-05 1.34808610e-05 1.51296600e-05 1.65984474e-05 1.79538009e-05 1.93051009e-05 2.06917892e-05 2.20489233e-05 2.35735569e-05
1.45000000e-03 7.18237924e-06 8.65878326e-06 1.05677699e-05 1.22859734e-05 1.37905945e-05 1.51312985e-05 1.63687542e-05 1.76027884e-05 1.88694284e-05 2.01093544e-05 2.15026446e-05
1.48000000e-03 6.56596570e-06 7.91664780e-06 9.66356894e-06 1.12363757e-05 1.26140387e-05 1.38419010e-05 1.49754426e-05 1.61060761e-05 1.72668167e-05 1.84033051e-05 1.96806316e-05
1.51000000e-03 6.02208411e-06 7.26168707e-06 8.86534372e-06 1.03095497e-05 1.15748655e-05 1.27028298e-05 1.37443413e-05 1.47833654e-05 1.58502485e-05 1.68950270e-05 1.80694981e-05
