0.00000000e+00 2.73000000e+02 3.73000000e+02 4.73000000e+02 5.73000000e+02 6.73000000e+02 7.73000000e+02 8.73000000e+02 9.73000000e+02 1.07300000e+03 1.17300000e+03 1.27300000e+03
4.00000000e-04 2.30620878e-04 2.64904351e-04 3.06541204e-04 3.41900280e-04 3.71485669e-04 3.96904776e-04 4.19661764e-04 4.41744573e-04 4.63829848e-04 4.84924706e-04 5.08057860e-04
4.10000000e-04 2.32707886e-04 2.67176617e-04 3.09000521e-04 3.44489298e-04 3.74164437e-04 3.99647885e-04 4.22452967e-04 4.44574223e-04 4.66690154e-04 4.87807268e-04 5.10957200e-04
4.20000000e-04 2.34678366e-04 2.69300379e-04 3.11275979e-04 3.46866828e-04 3.76610069e-04 4.02140246e-04 4.24978402e-04 4.47124183e-04 4.69257484e-04 4.90384753e-04 5.13538854e-04
4.30000000e-04 2.36433062e-04 2.71168699e-04 3.13249016e-04 3.48902985e-04 3.78682395e-04 4.04232355e-04 4.27079852e-04 4.49227495e-04 4.71355868e-04 4.92472347e-04 5.15608054e-04
4.40000000e-04 2.37701187e-04 2.72460101e-04 3.14532378e-04 3.50151226e-04 3.79882929e-04 4.05379426e-04 4.28169785e-04 4.50253982e-04 4.72311337e-04 4.93353185e-04 5.16399697e-04
4.50000000e-04 2.38634016e-04 2.73362024e-04 3.15361247e-04 3.50890593e-04 3.80529758e-04 4.05934809e-04 4.28634471e-04 4.50623075e-04 4.72577691e-04 4.93515026e-04 5.16440051e-04
4.60000000e-04 2.39162848e-04 2.73797495e-04 3.15649315e-04 3.51027489e-04 3.80523646e-04 4.05794753e-04 4.28366377e-04 4.50223809e-04 4.72040764e-04 4.92840857e-04 5.15609220e-04
4.70000000e-04 2.39020411e-04 2.73453386e-04 3.15026325e-04 3.50141926e-04 3.79402137e-04 4.04459690e-04 4.26832207e-04 4.48489702e-04 4.70100425e-04 4.90697972e-04 5.13238283e-04
4.80000000e-04 2.38105859e-04 2.72226884e-04 3.13391523e-04 3.48138627e-04 3.77077100e-04 4.01849456e-04 4.23960345e-04 4.45358688e-04 4.66705382e-04 4.87046502e-04 5.09301145e-04
4.90000000e-04 2.35727665e-04 2.69331520e-04 3.09845891e-04 3.44025018e-04 3.72478890e-04 3.96828937e-04 4.18557567e-04 4.39581549e-04 4.60550748e-04 4.80528647e-04 5.02382222e-04
5.00000000e-04 2.29366754e-04 2.62040261e-04 3.01439958e-04 3.34684882e-04 3.62365364e-04 3.86056659e-04 4.07199832e-04 4.27659438e-04 4.48067751e-04 4.67513116e-04 4.88786172e-04
5.10000000e-04 1.48936226e-04 1.75501120e-04 2.08369356e-04 2.36693730e-04 2.60625966e-04 2.81328970e-04 2.99958298e-04 3.18109948e-04 3.36327644e-04 3.53780885e-04 3.72972256e-04
5.20000000e-04 1.13587311e-04 1.35005688e-04 1.61896703e-04 1.85387516e-04 2.05446117e-04 2.22942867e-04 2.38794973e-04 2.54333606e-04 2.70016337e-04 2.85119165e-04 3.01809923e-04
5.30000000e-04 9.21318984e-05 1.09957346e-04 1.32515638e-04 1.52374972e-04 1.69439780e-04 1.84401895e-04 1.98016879e-04 2.11415279e-04 2.24988899e-04 2.38107316e-04 2.52656441e-04
5.40000000e-04 7.73065062e-05 9.24884697e-05 1.11796444e-04 1.28878585e-04 1.43617447e-04 1.56584558e-04 1.68419048e-04 1.80096809e-04 1.91958306e-04 2.03450888e-04 2.16229133e-04
5.50000000e-04 6.63417061e-05 7.94985731e-05 9.62875720e-05 1.11192116e-04 1.24089318e-04 1.35463859e-04 1.45866951e-04 1.56152439e-04 1.66619815e-04 1.76780492e-04 1.88099135e-04
5.60000000e-04 5.78592263e-05 6.94137678e-05 8.41942626e-05 9.73487982e-05 1.08756097e-04 1.18834987e-04 1.28067833e-04 1.37209889e-04 1.46527225e-04 1.55584450e-04 1.65688556e-04
5.70000000e-04 5.10870594e-05 6.13422260e-05 7.44850321e-05 8.62045962e-05 9.63843274e-05 1.05391331e-04 1.13652558e-04 1.21842087e-04 1.30198241e-04 1.38330269e-04 1.47412709e-04
5.80000000e-04 4.55242393e-05 5.46994178e-05 6.64752938e-05 7.69918829e-05 8.61386398e-05 9.42407632e-05 1.01679422e-04 1.09060398e-04 1.16598505e-04 1.23941079e-04 1.32149446e-04
5.90000000e-04 4.08937197e-05 4.91620900e-05 5.97866329e-05 6.92866840e-05 7.75581078e-05 8.48915959e-05 9.16300487e-05 9.83213746e-05 1.05160353e-04 1.11826927e-04 1.19285342e-04
6.00000000e-04 3.69832794e-05 4.44806351e-05 5.41238263e-05 6.27551757e-05 7.02768920e-05 7.69507874e-05 8.30873413e-05 8.91848884e-05 9.54209674e-05 1.01503671e-04 1.08313296e-04
6.10000000e-04 3.36417784e-05 4.04766883e-05 4.92750197e-05 5.71569177e-05 6.40306625e-05 7.01335739e-05 7.57483570e-05 8.13304935e-05 8.70425582e-05 9.26171312e-05 9.88613733e-05
6.20000000e-04 3.07364830e-05 3.69926473e-05 4.50515459e-05 5.22762794e-05 5.85809116e-05 6.41816151e-05 6.93368933e-05 7.44645816e-05 7.97140589e-05 8.48395351e-05 9.05834671e-05
6.30000000e-04 2.81875570e-05 3.39339162e-05 4.13404819e-05 4.79845397e-05 5.37856027e-05 5.89414012e-05 6.36891668e-05 6.84134163e-05 7.32518115e-05 7.79777917e-05 8.32762058e-05
6.40000000e-04 2.59726207e-05 3.12747420e-05 3.81122859e-05 4.42492790e-05 4.96101954e-05 5.43768059e-05 5.87678345e-05 6.31386718e-05 6.76167136e-05 7.19922616e-05 7.68996023e-05
6.50000000e-04 2.40010144e-05 2.89065182e-05 3.52354643e-05 4.09186972e-05 4.58853254e-05 5.03029800e-05 5.43738879e-05 5.84273425e-05 6.25815173e-05 6.66418726e-05 7.11971847e-05
6.60000000e-04 2.22354047e-05 2.67848087e-05 3.26566660e-05 3.79316704e-05 4.25432515e-05 4.66464294e-05 5.04286412e-05 5.41956753e-05 5.80573793e-05 6.18329051e-05 6.60698772e-05
6.70000000e-04 2.06623333e-05 2.48938467e-05 3.03573582e-05 3.52673817e-05 3.95613118e-05 4.33829684e-05 4.69065997e-05 5.04169615e-05 5.40164385e-05 5.75364603e-05 6.14877190e-05
6.80000000e-04 1.92549871e-05 2.32016116e-05 2.82989320e-05 3.28814278e-05 3.68901318e-05 4.04588714e-05 4.37500865e-05 4.70296444e-05 5.03932173e-05 5.36832811e-05 5.73772745e-05
6.90000000e-04 1.79762958e-05 2.16636048e-05 2.64273744e-05 3.07113170e-05 3.44598589e-05 3.77977755e-05 4.08767695e-05 4.39454761e-05 4.70934336e-05 5.01732146e-05 5.36318352e-05
7.00000000e-04 1.68242077e-05 2.02775665e-05 2.47402611e-05 2.87545754e-05 3.22680511e-05 3.53973256e-05 3.82844215e-05 4.11624027e-05 4.41152573e-05 4.70046952e-05 5.02501850e-05
7.10000000e-04 1.57695156e-05 1.90083859e-05 2.31948949e-05 2.69617220e-05 3.02593200e-05 3.31968947e-05 3.59076017e-05 3.86102019e-05 4.13835783e-05 4.40978466e-05 4.71471139e-05
7.20000000e-04 1.48138460e-05 1.78581639e-05 2.17940588e-05 2.53362190e-05 2.84377728e-05 3.12012041e-05 3.37516300e-05 3.62948212e-05 3.89050198e-05 4.14599839e-05 4.43307501e-05
7.30000000e-04 1.39333985e-05 1.67982577e-05 2.05028729e-05 2.38375948e-05 2.67580581e-05 2.93605667e-05 3.17628278e-05 3.41586114e-05 3.66178665e-05 3.90254208e-05 4.17309558e-05
7.40000000e-04 1.31319314e-05 1.58332956e-05 1.93271379e-05 2.24727514e-05 2.52280773e-05 2.76838020e-05 2.99508852e-05 3.22121521e-05 3.45336335e-05 3.68066102e-05 3.93612632e-05
7.50000000e-04 1.23895283e-05 1.49392895e-05 1.82376117e-05 2.12077272e-05 2.38097435e-05 2.61291524e-05 2.82706608e-05 3.04069316e-05 3.26003537e-05 3.47482062e-05 3.71625338e-05
7.60000000e-04 1.17111693e-05 1.41223139e-05 1.72418194e-05 2.00513866e-05 2.25131198e-05 2.47077699e-05 2.67343284e-05 2.87561589e-05 3.08323156e-05 3.28655700e-05 3.51513536e-05
