0 0.25 0.35 0.45 0.55 0.64
1.0 2.2417e-01 2.1267e-01 1.9396e-01 1.7567e-01 1.5871e-01
1.2 2.1357e-01 1.9733e-01 1.7554e-01 1.4853e-01 1.3619e-01
1.4 2.0220e-01 1.8236e-01 1.5631e-01 1.2690e-01 1.1429e-01
1.6 1.9001e-01 1.6793e-01 1.3765e-01 1.0821e-01 9.3588e-02
1.8 1.7668e-01 1.5372e-01 1.2049e-01 9.1001e-02 7.4453e-02
2.0 1.6449e-01 1.3625e-01 1.0295e-01 7.2008e-02 5.6784e-02
2.2 1.5307e-01 1.1764e-01 8.6265e-02 5.4756e-02 3.8950e-02
2.4 1.4129e-01 1.0368e-01 6.8619e-02 3.8924e-02 2.2999e-02
2.6 1.2794e-01 9.0049e-02 5.1641e-02 2.7301e-02 1.0688e-02
2.8 1.1794e-01 7.5649e-02 4.0595e-02 2.1067e-02 8.0888e-03
3.0 1.0694e-01 6.4803e-02 3.3881e-02 1.8543e-02 7.9484e-03
3.2 9.8977e-02 5.8155e-02 2.9577e-02 1.6031e-02 6.9887e-03
3.4 9.0808e-02 5.2815e-02 2.6936e-02 1.4372e-02 5.0752e-03
3.6 8.0463e-02 4.7872e-02 2.3963e-02 1.1059e-02 3.7683e-03
3.8 7.3815e-02 4.3094e-02 2.0620e-02 8.1950e-03 2.6505e-03
4.0 6.9430e-02 4.0536e-02 1.6594e-02 6.0444e-03 1.4976e-03
4.2 6.7613e-02 3.6366e-02 1.3555e-02 4.8187e-03 1.0460e-03
4.4 6.4247e-02 3.1613e-02 1.1545e-02 3.9136e-03 7.6399e-04
4.6 6.0056e-02 2.8209e-02 9.8947e-03 3.0007e-03 6.5636e-04
4.8 5.5771e-02 2.5385e-02 8.5348e-03 2.6620e-03 0
5.0 5.1026e-02 2.3564e-02 7.3468e-03 2.4193e-03 0
5.4 4.2659e-02 1.7818e-02 5.6914e-03 1.4133e-03 0
5.8 3.6444e-02 1.4906e-02 3.9832e-03 9.1745e-04 0
6.2 3.2606e-02 1.1852e-02 3.2523e-03 6.9073e-04 0
6.6 2.8517e-02 9.7582e-03 2.1235e-03 4.1384e-04 0
7.0 2.4149e-02 7.8113e-03 1.6216e-03 0 0
7.4 2.1909e-02 6.5990e-03 1.3182e-03 0 0
7.8 1.9476e-02 5.3345e-03 9.7363e-04 0 0
8.2 1.7097e-02 4.4308e-03 6.2535e-04 0 0
8.6 1.4751e-02 3.4017e-03 5.0335e-04 0 0
9.0 1.3477e-02 2.8354e-03 4.0343e-04 0 0
9.4 1.1451e-02 2.4802e-03 0 0 0
9.8 1.0391e-02 1.9645e-03 0 0 0
10.2 9.1511e-03 1.6394e-03 0 0 0
10.6 7.4557e-03 1.2914e-03 0 0 0
11.0 6.9788e-03 1.0191e-03 0 0 0
11.4 6.2711e-03 9.7901e-04 0 0 0
11.8 5.6095e-03 7.8197e-04 0 0 0
12.2 4.7413e-03 6.6092e-04 0 0 0
12.6 4.2546e-03 4.7828e-04 0 0 0
13.0 3.8149e-03 4.3633e-04 0 0 0
13.4 3.3267e-03 3.6126e-04 0 0 0
13.8 3.0184e-03 3.0261e-04 0 0 0
14.2 2.5551e-03 0 0 0 0
14.6 2.3201e-03 0 0 0 0
15.0 2.1186e-03 0 0 0 0
15.4 1.9917e-03 0 0 0 0
15.8 1.6944e-03 0 0 0 0
16.2 1.4750e-03 0 0 0 0
16.6 1.2370e-03 0 0 0 0
17.0 1.1584e-03 0 0 0 0
17.4 1.0361e-03 0 0 0 0
17.8 9.4419e-04 0 0 0 0
18.2 8.9235e-04 0 0 0 0
18.6 7.0752e-04 0 0 0 0
19.0 6.5728e-04 0 0 0 0
19.4 5.8784e-04 0 0 0 0
19.8 5.0871e-04 0 0 0 0
20.2 4.9343e-04 0 0 0 0
20.6 4.2924e-04 0 0 0 0
21.0 4.1687e-04 0 0 0 0
21.4 3.5807e-04 0 0 0 0
21.8 3.3874e-04 0 0 0 0
22.2 2.8176e-04 0 0 0 0
22.6 0 0 0 0 0
23.0 0 0 0 0 0
23.4 0 0 0 0 0
23.8 0 0 0 0 0
24.2 0 0 0 0 0
24.6 0 0 0 0 0
25.0 0 0 0 0 0
