0 0.25 0.35 0.45 0.55 0.64
1.0 3.6482e-01 3.4311e-01 3.1094e-01 2.8013e-01 2.5223e-01
1.2 3.4867e-01 3.1855e-01 2.8143e-01 2.3595e-01 2.1562e-01
1.4 3.3023e-01 2.9391e-01 2.5002e-01 2.0083e-01 1.8019e-01
1.6 3.0914e-01 2.7025e-01 2.1886e-01 1.7073e-01 1.4690e-01
1.8 2.8607e-01 2.4586e-01 1.9017e-01 1.4304e-01 1.1629e-01
2.0 2.6539e-01 2.1599e-01 1.6122e-01 1.1209e-01 8.8167e-02
2.2 2.4541e-01 1.8533e-01 1.3356e-01 8.4203e-02 5.9968e-02
2.4 2.2488e-01 1.6186e-01 1.0467e-01 5.8759e-02 3.4759e-02
2.6 2.0223e-01 1.3895e-01 7.7311e-02 4.0306e-02 1.5539e-02
2.8 1.8477e-01 1.1478e-01 5.9865e-02 3.0712e-02 1.1626e-02
3.0 1.6564e-01 9.7127e-02 4.9324e-02 2.7039e-02 1.1524e-02
3.2 1.5258e-01 8.6909e-02 4.2797e-02 2.3516e-02 1.0147e-02
3.4 1.3942e-01 7.8533e-02 3.9051e-02 2.1146e-02 7.3430e-03
3.6 1.2208e-01 7.0615e-02 3.4635e-02 1.6102e-02 5.4206e-03
3.8 1.1107e-01 6.3279e-02 2.9612e-02 1.1676e-02 3.7735e-03
4.0 1.0406e-01 5.9692e-02 2.3672e-02 8.5098e-03 2.0535e-03
4.2 1.0161e-01 5.3207e-02 1.9142e-02 6.7173e-03 1.4485e-03
4.4 9.6479e-02 4.5743e-02 1.6225e-02 5.3904e-03 1.0612e-03
4.6 9.0141e-02 4.0747e-02 1.3879e-02 4.1545e-03 0
4.8 8.3293e-02 3.6591e-02 1.1854e-02 3.6969e-03 0
5.0 7.5572e-02 3.3915e-02 1.0129e-02 3.3858e-03 0
5.4 6.2268e-02 2.5210e-02 7.7128e-03 1.9143e-03 0
5.8 5.2677e-02 2.0941e-02 5.3825e-03 1.2727e-03 0
6.2 4.6820e-02 1.6508e-02 4.4636e-03 9.2125e-04 0
6.6 4.0835e-02 1.3487e-02 2.8511e-03 0 0
7.0 3.4181e-02 1.0547e-02 2.1404e-03 0 0
7.4 3.0981e-02 8.9904e-03 1.7594e-03 0 0
7.8 2.7335e-02 7.1661e-03 1.2662e-03 0 0
8.2 2.3770e-02 6.0447e-03 8.1037e-04 0 0
8.6 2.0500e-02 4.6009e-03 6.5476e-04 0 0
9.0 1.8697e-02 3.7983e-03 0 0 0
9.4 1.5892e-02 3.2659e-03 0 0 0
9.8 1.4233e-02 2.5753e-03 0 0 0
10.2 1.2548e-02 2.1485e-03 0 0 0
10.6 1.0096e-02 1.6527e-03 0 0 0
11.0 9.5407e-03 1.3071e-03 0 0 0
11.4 8.5348e-03 1.2976e-03 0 0 0
11.8 7.5291e-03 1.0029e-03 0 0 0
12.2 6.2484e-03 8.3033e-04 0 0 0
12.6 5.7433e-03 6.1281e-04 0 0 0
13.0 4.9909e-03 5.6862e-04 0 0 0
13.4 4.3378e-03 4.8134e-04 0 0 0
13.8 3.9886e-03 0 0 0 0
14.2 3.3167e-03 0 0 0 0
14.6 3.0149e-03 0 0 0 0
15.0 2.7487e-03 0 0 0 0
15.4 2.6232e-03 0 0 0 0
15.8 2.1970e-03 0 0 0 0
16.2 1.8907e-03 0 0 0 0
16.6 1.6097e-03 0 0 0 0
17.0 1.5055e-03 0 0 0 0
17.4 1.2891e-03 0 0 0 0
17.8 1.2128e-03 0 0 0 0
18.2 1.1451e-03 0 0 0 0
18.6 8.8705e-04 0 0 0 0
19.0 8.2700e-04 0 0 0 0
19.4 7.3170e-04 0 0 0 0
19.8 6.3366e-04 0 0 0 0
20.2 6.4708e-04 0 0 0 0
20.6 5.3813e-04 0 0 0 0
21.0 5.2513e-04 0 0 0 0
21.4 4.3954e-04 0 0 0 0
21.8 0 0 0 0 0
22.2 0 0 0 0 0
22.6 0 0 0 0 0
23.0 0 0 0 0 0
23.4 0 0 0 0 0
23.8 0 0 0 0 0
24.2 0 0 0 0 0
24.6 0 0 0 0 0
25.0 0 0 0 0 0
