0 0.25 0.35 0.45 0.55 0.64
1.0 2.7784e-01 2.6170e-01 2.3722e-01 2.1398e-01 1.9296e-01
1.2 2.6533e-01 2.4273e-01 2.1485e-01 1.8011e-01 1.6548e-01
1.4 2.5115e-01 2.2397e-01 1.9079e-01 1.5324e-01 1.3856e-01
1.6 2.3540e-01 2.0583e-01 1.6692e-01 1.3024e-01 1.1286e-01
1.8 2.1799e-01 1.8703e-01 1.4505e-01 1.0901e-01 8.9065e-02
2.0 2.0177e-01 1.6441e-01 1.2288e-01 8.5295e-02 6.7287e-02
2.2 1.8634e-01 1.4089e-01 1.0173e-01 6.4030e-02 4.5630e-02
2.4 1.7086e-01 1.2291e-01 7.9656e-02 4.4762e-02 2.6420e-02
2.6 1.5354e-01 1.0556e-01 5.8970e-02 3.0716e-02 1.1836e-02
2.8 1.4013e-01 8.7426e-02 4.5715e-02 2.3342e-02 8.8303e-03
3.0 1.2556e-01 7.3842e-02 3.7525e-02 2.0649e-02 8.8122e-03
3.2 1.1582e-01 6.5950e-02 3.2649e-02 1.7988e-02 7.7921e-03
3.4 1.0604e-01 5.9724e-02 2.9742e-02 1.6179e-02 5.5771e-03
3.6 9.2712e-02 5.3908e-02 2.6317e-02 1.2267e-02 4.0913e-03
3.8 8.4139e-02 4.8280e-02 2.2562e-02 8.9184e-03 2.8740e-03
4.0 7.8931e-02 4.5264e-02 1.7942e-02 6.5003e-03 1.5867e-03
4.2 7.7209e-02 4.0378e-02 1.4409e-02 5.1833e-03 1.1115e-03
4.4 7.3277e-02 3.4744e-02 1.2220e-02 4.1394e-03 8.0948e-04
4.6 6.8387e-02 3.1005e-02 1.0573e-02 3.1694e-03 0
4.8 6.3420e-02 2.7861e-02 9.0436e-03 2.8090e-03 0
5.0 5.7553e-02 2.5837e-02 7.6892e-03 2.5522e-03 0
5.4 4.7461e-02 1.9054e-02 5.8968e-03 1.4649e-03 0
5.8 4.0039e-02 1.5856e-02 4.1173e-03 9.5783e-04 0
6.2 3.5486e-02 1.2515e-02 3.3559e-03 7.1441e-04 0
6.6 3.1117e-02 1.0267e-02 2.1507e-03 0 0
7.0 2.6044e-02 8.0355e-03 1.6142e-03 0 0
7.4 2.3424e-02 6.8246e-03 1.3402e-03 0 0
7.8 2.0753e-02 5.4352e-03 9.6853e-04 0 0
8.2 1.8177e-02 4.6334e-03 6.0726e-04 0 0
8.6 1.5601e-02 3.4454e-03 5.1714e-04 0 0
9.0 1.4233e-02 2.8649e-03 0 0 0
9.4 1.1949e-02 2.4899e-03 0 0 0
9.8 1.0775e-02 1.9774e-03 0 0 0
10.2 9.4440e-03 1.6422e-03 0 0 0
10.6 7.7083e-03 1.2904e-03 0 0 0
11.0 7.2388e-03 9.7972e-04 0 0 0
11.4 6.4487e-03 9.8881e-04 0 0 0
11.8 5.7226e-03 7.6476e-04 0 0 0
12.2 4.7232e-03 6.3256e-04 0 0 0
12.6 4.3673e-03 4.6095e-04 0 0 0
13.0 3.7624e-03 4.1044e-04 0 0 0
13.4 3.3268e-03 3.6451e-04 0 0 0
13.8 3.0412e-03 0 0 0 0
14.2 2.5096e-03 0 0 0 0
14.6 2.2887e-03 0 0 0 0
15.0 2.1103e-03 0 0 0 0
15.4 1.9767e-03 0 0 0 0
15.8 1.6854e-03 0 0 0 0
16.2 1.4564e-03 0 0 0 0
16.6 1.1980e-03 0 0 0 0
17.0 1.1343e-03 0 0 0 0
17.4 1.0009e-03 0 0 0 0
17.8 9.4223e-04 0 0 0 0
18.2 8.5933e-04 0 0 0 0
18.6 6.7962e-04 0 0 0 0
19.0 6.3632e-04 0 0 0 0
19.4 5.3649e-04 0 0 0 0
19.8 4.8788e-04 0 0 0 0
20.2 4.7712e-04 0 0 0 0
20.6 3.8634e-04 0 0 0 0
21.0 3.9673e-04 0 0 0 0
21.4 3.4236e-04 0 0 0 0
21.8 0 0 0 0 0
22.2 0 0 0 0 0
22.6 0 0 0 0 0
23.0 0 0 0 0 0
23.4 0 0 0 0 0
23.8 0 0 0 0 0
24.2 0 0 0 0 0
24.6 0 0 0 0 0
25.0 0 0 0 0 0
