0 0.25 0.35 0.45 0.55 0.64
1.0 4.4912e-01 4.2175e-01 3.8176e-01 3.4387e-01 3.0941e-01
1.2 4.2949e-01 3.9217e-01 3.4564e-01 2.8956e-01 2.6525e-01
1.4 4.0683e-01 3.6207e-01 3.0747e-01 2.4655e-01 2.2219e-01
1.6 3.8117e-01 3.3315e-01 2.6957e-01 2.0991e-01 1.8125e-01
1.8 3.5282e-01 3.0321e-01 2.3423e-01 1.7595e-01 1.4342e-01
2.0 3.2722e-01 2.6661e-01 1.9830e-01 1.3790e-01 1.0867e-01
2.2 3.0241e-01 2.2819e-01 1.6413e-01 1.0354e-01 7.3753e-02
2.4 2.7718e-01 1.9874e-01 1.2870e-01 7.2275e-02 4.2671e-02
2.6 2.4918e-01 1.7077e-01 9.5454e-02 4.9665e-02 1.9100e-02
2.8 2.2765e-01 1.4154e-01 7.3928e-02 3.7786e-02 1.4242e-02
3.0 2.0427e-01 1.1986e-01 6.0642e-02 3.3293e-02 1.4218e-02
3.2 1.8844e-01 1.0705e-01 5.2744e-02 2.8973e-02 1.2571e-02
3.4 1.7206e-01 9.6612e-02 4.8084e-02 2.6080e-02 9.0095e-03
3.6 1.5044e-01 8.7172e-02 4.2527e-02 1.9898e-02 6.5771e-03
3.8 1.3681e-01 7.8180e-02 3.6467e-02 1.4493e-02 4.5893e-03
4.0 1.2842e-01 7.3503e-02 2.9035e-02 1.0501e-02 2.5376e-03
4.2 1.2531e-01 6.5593e-02 2.3455e-02 8.3222e-03 1.7864e-03
4.4 1.1900e-01 5.6313e-02 1.9905e-02 6.6816e-03 1.3115e-03
4.6 1.1107e-01 5.0027e-02 1.7098e-02 5.0836e-03 0
4.8 1.0271e-01 4.5083e-02 1.4643e-02 4.5113e-03 0
5.0 9.3098e-02 4.1831e-02 1.2459e-02 4.1231e-03 0
5.4 7.6901e-02 3.0929e-02 9.5066e-03 2.3672e-03 0
5.8 6.5361e-02 2.5701e-02 6.5965e-03 1.5357e-03 0
6.2 5.7840e-02 2.0279e-02 5.4671e-03 1.1221e-03 0
6.6 5.0458e-02 1.6677e-02 3.5193e-03 6.3980e-04 0
7.0 4.2330e-02 1.3107e-02 2.6601e-03 0 0
7.4 3.8212e-02 1.1127e-02 2.1573e-03 0 0
7.8 3.3875e-02 8.7938e-03 1.5477e-03 0 0
8.2 2.9380e-02 7.5061e-03 9.6927e-04 0 0
8.6 2.5410e-02 5.6141e-03 8.0150e-04 0 0
9.0 2.3055e-02 4.6585e-03 0 0 0
9.4 1.9514e-02 4.0364e-03 0 0 0
9.8 1.7615e-02 3.1805e-03 0 0 0
10.2 1.5564e-02 2.6670e-03 0 0 0
10.6 1.2493e-02 2.0419e-03 0 0 0
11.0 1.1682e-02 1.6306e-03 0 0 0
11.4 1.0497e-02 1.6054e-03 0 0 0
11.8 9.3219e-03 1.2791e-03 0 0 0
12.2 7.8054e-03 1.0066e-03 0 0 0
12.6 7.0719e-03 7.5825e-04 0 0 0
13.0 6.1742e-03 6.7798e-04 0 0 0
13.4 5.3786e-03 5.9859e-04 0 0 0
13.8 4.9715e-03 0 0 0 0
14.2 4.1117e-03 0 0 0 0
14.6 3.7269e-03 0 0 0 0
15.0 3.3715e-03 0 0 0 0
15.4 3.1809e-03 0 0 0 0
15.8 2.6985e-03 0 0 0 0
16.2 2.3541e-03 0 0 0 0
16.6 1.9697e-03 0 0 0 0
17.0 1.8607e-03 0 0 0 0
17.4 1.5939e-03 0 0 0 0
17.8 1.5539e-03 0 0 0 0
18.2 1.4124e-03 0 0 0 0
18.6 1.1134e-03 0 0 0 0
19.0 1.0295e-03 0 0 0 0
19.4 8.9618e-04 0 0 0 0
19.8 7.6251e-04 0 0 0 0
20.2 7.7417e-04 0 0 0 0
20.6 6.5023e-04 0 0 0 0
21.0 6.6582e-04 0 0 0 0
21.4 5.3931e-04 0 0 0 0
21.8 0 0 0 0 0
22.2 0 0 0 0 0
22.6 0 0 0 0 0
23.0 0 0 0 0 0
23.4 0 0 0 0 0
23.8 0 0 0 0 0
24.2 0 0 0 0 0
24.6 0 0 0 0 0
25.0 0 0 0 0 0
