0 0.25 0.35 0.45 0.55 0.64
1.0 3.2158e-01 3.0387e-01 2.7678e-01 2.5012e-01 2.2481e-01
1.2 3.0709e-01 2.8273e-01 2.5046e-01 2.1129e-01 1.9364e-01
1.4 2.9122e-01 2.6144e-01 2.2375e-01 1.8050e-01 1.6301e-01
1.6 2.7383e-01 2.4135e-01 1.9723e-01 1.5429e-01 1.3361e-01
1.8 2.5490e-01 2.2102e-01 1.7263e-01 1.3029e-01 1.0627e-01
2.0 2.3756e-01 1.9569e-01 1.4745e-01 1.0333e-01 8.1042e-02
2.2 2.2085e-01 1.6911e-01 1.2314e-01 7.8481e-02 5.5636e-02
2.4 2.0405e-01 1.4896e-01 9.7917e-02 5.5656e-02 3.2787e-02
2.6 1.8491e-01 1.2946e-01 7.4153e-02 3.9179e-02 1.5194e-02
2.8 1.7021e-01 1.0884e-01 5.8427e-02 3.0181e-02 1.1582e-02
3.0 1.5420e-01 9.3284e-02 4.8550e-02 2.6606e-02 1.1337e-02
3.2 1.4289e-01 8.3904e-02 4.2221e-02 2.3144e-02 9.9634e-03
3.4 1.3134e-01 7.6122e-02 3.8561e-02 2.0799e-02 7.2526e-03
3.6 1.1640e-01 6.8894e-02 3.4242e-02 1.5877e-02 5.3907e-03
3.8 1.0644e-01 6.2188e-02 2.9635e-02 1.1673e-02 3.7970e-03
4.0 1.0016e-01 5.8516e-02 2.3870e-02 8.6595e-03 2.1391e-03
4.2 9.7701e-02 5.2341e-02 1.9377e-02 6.9247e-03 1.4952e-03
4.4 9.2758e-02 4.5298e-02 1.6477e-02 5.6263e-03 1.1210e-03
4.6 8.6825e-02 4.0563e-02 1.4142e-02 4.3029e-03 9.8431e-04
4.8 8.0788e-02 3.6650e-02 1.2253e-02 3.8123e-03 0
5.0 7.3703e-02 3.4062e-02 1.0547e-02 3.4475e-03 0
5.4 6.1689e-02 2.5635e-02 8.1619e-03 1.9902e-03 0
5.8 5.2697e-02 2.1444e-02 5.7636e-03 1.3181e-03 0
6.2 4.6969e-02 1.6947e-02 4.7022e-03 9.7941e-04 0
6.6 4.1321e-02 1.4157e-02 3.0700e-03 5.7473e-04 0
7.0 3.4949e-02 1.1158e-02 2.3618e-03 0 0
7.4 3.1758e-02 9.5122e-03 1.8645e-03 0 0
7.8 2.8128e-02 7.6137e-03 1.3621e-03 0 0
8.2 2.4683e-02 6.4523e-03 8.8199e-04 0 0
8.6 2.1326e-02 4.9811e-03 7.1637e-04 0 0
9.0 1.9457e-02 4.1383e-03 5.5986e-04 0 0
9.4 1.6515e-02 3.5406e-03 0 0 0
9.8 1.4962e-02 2.8261e-03 0 0 0
10.2 1.3285e-02 2.3712e-03 0 0 0
10.6 1.0830e-02 1.8406e-03 0 0 0
11.0 1.0242e-02 1.4957e-03 0 0 0
11.4 9.1237e-03 1.4299e-03 0 0 0
11.8 8.0287e-03 1.1318e-03 0 0 0
12.2 6.8434e-03 9.2881e-04 0 0 0
12.6 6.2286e-03 6.9601e-04 0 0 0
13.0 5.4676e-03 6.2421e-04 0 0 0
13.4 4.7976e-03 5.4559e-04 0 0 0
13.8 4.3400e-03 4.5009e-04 0 0 0
14.2 3.7163e-03 0 0 0 0
14.6 3.3511e-03 0 0 0 0
15.0 3.0433e-03 0 0 0 0
15.4 2.8603e-03 0 0 0 0
15.8 2.4621e-03 0 0 0 0
16.2 2.1801e-03 0 0 0 0
16.6 1.8112e-03 0 0 0 0
17.0 1.6765e-03 0 0 0 0
17.4 1.4884e-03 0 0 0 0
17.8 1.4117e-03 0 0 0 0
18.2 1.2882e-03 0 0 0 0
18.6 1.0129e-03 0 0 0 0
19.0 9.4971e-04 0 0 0 0
19.4 8.1932e-04 0 0 0 0
19.8 7.2663e-04 0 0 0 0
20.2 7.3143e-04 0 0 0 0
20.6 6.1457e-04 0 0 0 0
21.0 5.9133e-04 0 0 0 0
21.4 4.9505e-04 0 0 0 0
21.8 4.9459e-04 0 0 0 0
22.2 4.1359e-04 0 0 0 0
22.6 0 0 0 0 0
23.0 0 0 0 0 0
23.4 0 0 0 0 0
23.8 0 0 0 0 0
24.2 0 0 0 0 0
24.6 0 0 0 0 0
25.0 0 0 0 0 0
