0 0.25 0.35 0.45 0.55 0.64
1.0 1.8843e-01 1.7781e-01 1.6101e-01 1.4528e-01 1.3118e-01
1.2 1.7969e-01 1.6467e-01 1.4564e-01 1.2263e-01 1.1213e-01
1.4 1.6993e-01 1.5174e-01 1.2947e-01 1.0431e-01 9.3600e-02
1.6 1.5903e-01 1.3946e-01 1.1337e-01 8.8419e-02 7.6078e-02
1.8 1.4704e-01 1.2696e-01 9.8420e-02 7.3802e-02 6.0037e-02
2.0 1.3627e-01 1.1129e-01 8.3249e-02 5.7744e-02 4.5539e-02
2.2 1.2604e-01 9.5312e-02 6.8917e-02 4.3341e-02 3.1051e-02
2.4 1.1564e-01 8.3339e-02 5.4010e-02 3.0337e-02 1.7954e-02
2.6 1.0368e-01 7.1659e-02 3.9931e-02 2.0915e-02 8.0347e-03
2.8 9.4634e-02 5.9164e-02 3.0984e-02 1.5860e-02 5.9851e-03
3.0 8.5017e-02 4.9949e-02 2.5413e-02 1.3861e-02 5.9636e-03
3.2 7.8336e-02 4.4741e-02 2.2046e-02 1.2103e-02 5.2964e-03
3.4 7.1494e-02 4.0434e-02 2.0137e-02 1.0937e-02 3.8168e-03
3.6 6.2641e-02 3.6451e-02 1.7911e-02 8.3106e-03 2.7971e-03
3.8 5.6967e-02 3.2653e-02 1.5348e-02 6.0201e-03 1.9439e-03
4.0 5.3388e-02 3.0763e-02 1.2215e-02 4.4273e-03 1.0624e-03
4.2 5.2054e-02 2.7452e-02 9.8469e-03 3.4989e-03 7.4653e-04
4.4 4.9460e-02 2.3497e-02 8.3210e-03 2.8110e-03 5.4555e-04
4.6 4.6103e-02 2.0905e-02 7.1581e-03 2.1493e-03 0
4.8 4.2624e-02 1.8792e-02 6.1244e-03 1.8958e-03 0
5.0 3.8678e-02 1.7440e-02 5.2071e-03 1.7557e-03 0
5.4 3.2031e-02 1.2886e-02 4.0125e-03 9.7357e-04 0
5.8 2.7137e-02 1.0787e-02 2.8138e-03 6.5123e-04 0
6.2 2.4072e-02 8.4312e-03 2.2605e-03 4.7303e-04 0
6.6 2.0965e-02 6.9572e-03 1.4536e-03 0 0
7.0 1.7532e-02 5.3943e-03 1.1065e-03 0 0
7.4 1.5824e-02 4.6450e-03 9.1184e-04 0 0
7.8 1.4069e-02 3.6901e-03 6.5221e-04 0 0
8.2 1.2221e-02 3.1425e-03 3.9139e-04 0 0
8.6 1.0542e-02 2.3188e-03 3.3764e-04 0 0
9.0 9.5561e-03 1.9618e-03 0 0 0
9.4 8.1038e-03 1.6834e-03 0 0 0
9.8 7.3343e-03 1.3360e-03 0 0 0
10.2 6.4326e-03 1.1044e-03 0 0 0
10.6 5.1633e-03 8.8002e-04 0 0 0
11.0 4.9044e-03 6.5830e-04 0 0 0
11.4 4.3400e-03 6.8708e-04 0 0 0
11.8 3.8758e-03 5.1790e-04 0 0 0
12.2 3.2265e-03 4.1899e-04 0 0 0
12.6 2.9066e-03 3.1655e-04 0 0 0
13.0 2.5422e-03 2.8303e-04 0 0 0
13.4 2.2149e-03 2.4603e-04 0 0 0
13.8 2.0301e-03 0 0 0 0
14.2 1.7261e-03 0 0 0 0
14.6 1.5355e-03 0 0 0 0
15.0 1.4089e-03 0 0 0 0
15.4 1.3422e-03 0 0 0 0
15.8 1.1269e-03 0 0 0 0
16.2 9.8476e-04 0 0 0 0
16.6 8.4342e-04 0 0 0 0
17.0 7.6683e-04 0 0 0 0
17.4 6.7033e-04 0 0 0 0
17.8 6.5334e-04 0 0 0 0
18.2 5.8696e-04 0 0 0 0
18.6 4.5459e-04 0 0 0 0
19.0 4.3977e-04 0 0 0 0
19.4 3.7111e-04 0 0 0 0
19.8 3.1067e-04 0 0 0 0
20.2 3.3007e-04 0 0 0 0
20.6 2.7182e-04 0 0 0 0
21.0 2.7543e-04 0 0 0 0
21.4 2.3159e-04 0 0 0 0
21.8 0 0 0 0 0
22.2 0 0 0 0 0
22.6 0 0 0 0 0
23.0 0 0 0 0 0
23.4 0 0 0 0 0
23.8 0 0 0 0 0
24.2 0 0 0 0 0
24.6 0 0 0 0 0
25.0 0 0 0 0 0
