0 0.25 0.35 0.45 0.55 0.64
1.0 4.9287e-01 4.6273e-01 4.1914e-01 3.7762e-01 3.3754e-01
1.2 4.7247e-01 4.3229e-01 3.8106e-01 3.2031e-01 2.9098e-01
1.4 4.4942e-01 4.0096e-01 3.4077e-01 2.7491e-01 2.4547e-01
1.6 4.2335e-01 3.7084e-01 3.0073e-01 2.3561e-01 2.0200e-01
1.8 3.9405e-01 3.3997e-01 2.6353e-01 1.9912e-01 1.6152e-01
2.0 3.6755e-01 3.0177e-01 2.2570e-01 1.5784e-01 1.2375e-01
2.2 3.4247e-01 2.6112e-01 1.8930e-01 1.2019e-01 8.4972e-02
2.4 3.1670e-01 2.2985e-01 1.5047e-01 8.5508e-02 4.9994e-02
2.6 2.8717e-01 1.9944e-01 1.1369e-01 6.0073e-02 2.3169e-02
2.8 2.6421e-01 1.6772e-01 8.9460e-02 4.6422e-02 1.7628e-02
3.0 2.3912e-01 1.4359e-01 7.4498e-02 4.0903e-02 1.7315e-02
3.2 2.2179e-01 1.2908e-01 6.4924e-02 3.5449e-02 1.5199e-02
3.4 2.0407e-01 1.1740e-01 5.9299e-02 3.1903e-02 1.1032e-02
3.6 1.8048e-01 1.0629e-01 5.2756e-02 2.4582e-02 8.1795e-03
3.8 1.6514e-01 9.5726e-02 4.5562e-02 1.8197e-02 5.7966e-03
4.0 1.5531e-01 8.9929e-02 3.6592e-02 1.3393e-02 3.2963e-03
4.2 1.5122e-01 8.0596e-02 2.9787e-02 1.0614e-02 2.2972e-03
4.4 1.4407e-01 7.0056e-02 2.5536e-02 8.5848e-03 1.6771e-03
4.6 1.3502e-01 6.2642e-02 2.1929e-02 6.6356e-03 1.4782e-03
4.8 1.2531e-01 5.6469e-02 1.8870e-02 5.8922e-03 0
5.0 1.1444e-01 5.2427e-02 1.6269e-02 5.3140e-03 0
5.4 9.5927e-02 3.9707e-02 1.2468e-02 3.0543e-03 0
5.8 8.1940e-02 3.3166e-02 8.7691e-03 2.0531e-03 0
6.2 7.2925e-02 2.6228e-02 7.2305e-03 1.5216e-03 0
6.6 6.4225e-02 2.1782e-02 4.6597e-03 8.9942e-04 0
7.0 5.4324e-02 1.7200e-02 3.6043e-03 0 0
7.4 4.9060e-02 1.4641e-02 2.8942e-03 0 0
7.8 4.3785e-02 1.1812e-02 2.1071e-03 0 0
8.2 3.8483e-02 9.9863e-03 1.3734e-03 0 0
8.6 3.3238e-02 7.6235e-03 1.0908e-03 0 0
9.0 3.0371e-02 6.3710e-03 8.6769e-04 0 0
9.4 2.5622e-02 5.4621e-03 0 0 0
9.8 2.3213e-02 4.3343e-03 0 0 0
10.2 2.0606e-02 3.6790e-03 0 0 0
10.6 1.6826e-02 2.8552e-03 0 0 0
11.0 1.5697e-02 2.3029e-03 0 0 0
11.4 1.4090e-02 2.2265e-03 0 0 0
11.8 1.2569e-02 1.7495e-03 0 0 0
12.2 1.0660e-02 1.4553e-03 0 0 0
12.6 9.6574e-03 1.1043e-03 0 0 0
13.0 8.5017e-03 9.6594e-04 0 0 0
13.4 7.4978e-03 8.6088e-04 0 0 0
13.8 6.7782e-03 6.8072e-04 0 0 0
14.2 5.7467e-03 0 0 0 0
14.6 5.2421e-03 0 0 0 0
15.0 4.7655e-03 0 0 0 0
15.4 4.4966e-03 0 0 0 0
15.8 3.8251e-03 0 0 0 0
16.2 3.3397e-03 0 0 0 0
16.6 2.8329e-03 0 0 0 0
17.0 2.5776e-03 0 0 0 0
17.4 2.2840e-03 0 0 0 0
17.8 2.1987e-03 0 0 0 0
18.2 2.0045e-03 0 0 0 0
18.6 1.5792e-03 0 0 0 0
19.0 1.5035e-03 0 0 0 0
19.4 1.3380e-03 0 0 0 0
19.8 1.1127e-03 0 0 0 0
20.2 1.1116e-03 0 0 0 0
20.6 9.4957e-04 0 0 0 0
21.0 9.4345e-04 0 0 0 0
21.4 7.8938e-04 0 0 0 0
21.8 7.4414e-04 0 0 0 0
22.2 0 0 0 0 0
22.6 0 0 0 0 0
23.0 0 0 0 0 0
23.4 0 0 0 0 0
23.8 0 0 0 0 0
24.2 0 0 0 0 0
24.6 0 0 0 0 0
25.0 0 0 0 0 0
