0 0.25 0.35 0.45 0.55 0.64
1.0 4.1057e-01 3.8722e-01 3.5131e-01 3.1709e-01 2.8413e-01
1.2 3.9308e-01 3.6071e-01 3.1882e-01 2.6803e-01 2.4443e-01
1.4 3.7333e-01 3.3408e-01 2.8505e-01 2.2930e-01 2.0581e-01
1.6 3.5117e-01 3.0837e-01 2.5111e-01 1.9622e-01 1.6917e-01
1.8 3.2674e-01 2.8269e-01 2.1940e-01 1.6591e-01 1.3512e-01
2.0 3.0477e-01 2.5096e-01 1.8768e-01 1.3185e-01 1.0335e-01
2.2 2.8402e-01 2.1694e-01 1.5774e-01 1.0041e-01 7.0990e-02
2.4 2.6237e-01 1.9072e-01 1.2549e-01 7.1301e-02 4.1868e-02
2.6 2.3772e-01 1.6558e-01 9.4701e-02 4.9961e-02 1.9488e-02
2.8 2.1891e-01 1.3951e-01 7.4587e-02 3.8600e-02 1.4666e-02
3.0 1.9817e-01 1.1960e-01 6.2009e-02 3.3923e-02 1.4456e-02
3.2 1.8367e-01 1.0741e-01 5.4090e-02 2.9429e-02 1.2725e-02
3.4 1.6903e-01 9.7383e-02 4.9392e-02 2.6558e-02 9.1901e-03
3.6 1.4954e-01 8.8157e-02 4.3978e-02 2.0479e-02 6.8413e-03
3.8 1.3682e-01 7.9564e-02 3.7884e-02 1.5074e-02 4.8731e-03
4.0 1.2879e-01 7.4890e-02 3.0450e-02 1.1123e-02 2.7215e-03
4.2 1.2538e-01 6.7141e-02 2.4846e-02 8.8451e-03 1.8916e-03
4.4 1.1908e-01 5.8301e-02 2.1122e-02 7.1324e-03 1.3994e-03
4.6 1.1159e-01 5.2105e-02 1.8219e-02 5.5069e-03 1.2392e-03
4.8 1.0373e-01 4.7032e-02 1.5703e-02 4.8422e-03 0
5.0 9.4795e-02 4.3648e-02 1.3454e-02 4.4142e-03 0
5.4 7.9212e-02 3.2891e-02 1.0366e-02 2.5298e-03 0
5.8 6.7895e-02 2.7581e-02 7.2873e-03 1.7016e-03 0
6.2 6.0298e-02 2.1884e-02 5.9887e-03 1.2600e-03 0
6.6 5.3264e-02 1.8133e-02 3.8537e-03 7.4399e-04 0
7.0 4.5121e-02 1.4350e-02 3.0042e-03 0 0
7.4 4.0785e-02 1.2249e-02 2.4569e-03 0 0
7.8 3.6291e-02 9.7825e-03 1.7564e-03 0 0
8.2 3.1810e-02 8.2308e-03 1.1569e-03 0 0
8.6 2.7459e-02 6.3686e-03 9.1441e-04 0 0
9.0 2.5109e-02 5.3340e-03 7.1638e-04 0 0
9.4 2.1292e-02 4.5559e-03 0 0 0
9.8 1.9188e-02 3.6789e-03 0 0 0
10.2 1.7036e-02 3.0485e-03 0 0 0
10.6 1.3905e-02 2.3624e-03 0 0 0
11.0 1.3075e-02 1.8918e-03 0 0 0
11.4 1.1771e-02 1.8536e-03 0 0 0
11.8 1.0272e-02 1.4593e-03 0 0 0
12.2 8.8016e-03 1.2043e-03 0 0 0
12.6 7.9383e-03 8.8823e-04 0 0 0
13.0 7.0230e-03 8.0851e-04 0 0 0
13.4 6.1577e-03 6.8999e-04 0 0 0
13.8 5.6144e-03 5.6393e-04 0 0 0
14.2 4.6954e-03 0 0 0 0
14.6 4.3315e-03 0 0 0 0
15.0 3.9215e-03 0 0 0 0
15.4 3.7233e-03 0 0 0 0
15.8 3.1620e-03 0 0 0 0
16.2 2.7298e-03 0 0 0 0
16.6 2.3145e-03 0 0 0 0
17.0 2.1337e-03 0 0 0 0
17.4 1.9389e-03 0 0 0 0
17.8 1.7971e-03 0 0 0 0
18.2 1.6668e-03 0 0 0 0
18.6 1.3027e-03 0 0 0 0
19.0 1.2554e-03 0 0 0 0
19.4 1.0828e-03 0 0 0 0
19.8 9.5382e-04 0 0 0 0
20.2 9.2287e-04 0 0 0 0
20.6 7.9606e-04 0 0 0 0
21.0 7.5978e-04 0 0 0 0
21.4 6.7251e-04 0 0 0 0
21.8 6.3575e-04 0 0 0 0
22.2 5.1895e-04 0 0 0 0
22.6 0 0 0 0 0
23.0 0 0 0 0 0
23.4 0 0 0 0 0
23.8 0 0 0 0 0
24.2 0 0 0 0 0
24.6 0 0 0 0 0
25.0 0 0 0 0 0
