0 0.25 0.35 0.45 0.55 0.64
2.0 6.8927e-02 7.0160e-02 7.0970e-02 7.1238e-02 6.9641e-02
2.2 5.5013e-02 5.5901e-02 5.6380e-02 5.6331e-02 5.3533e-02
2.4 4.5201e-02 4.5913e-02 4.6042e-02 4.5814e-02 4.1730e-02
2.6 3.7956e-02 3.8331e-02 3.8025e-02 3.7267e-02 3.2344e-02
2.8 3.2338e-02 3.2321e-02 3.1534e-02 2.8125e-02 2.4196e-02
3.0 2.7762e-02 2.7265e-02 2.5717e-02 2.1370e-02 1.6743e-02
3.2 2.3979e-02 2.2903e-02 2.0601e-02 1.7166e-02 1.0540e-02
3.4 2.0533e-02 1.8941e-02 1.5753e-02 1.1924e-02 5.3138e-03
3.6 1.7399e-02 1.5264e-02 1.1396e-02 6.4791e-03 3.3448e-03
3.8 1.4771e-02 1.2080e-02 8.2259e-03 4.5877e-03 1.9698e-03
4.0 1.2282e-02 9.0278e-03 5.8775e-03 3.4518e-03 8.7552e-04
4.2 1.0282e-02 7.2489e-03 4.4503e-03 1.6681e-03 9.8179e-04
4.4 8.7580e-03 6.2506e-03 3.5748e-03 8.9625e-04 7.5712e-04
4.6 7.6698e-03 5.2572e-03 3.1055e-03 1.0592e-03 5.7076e-04
4.8 6.6111e-03 4.5667e-03 2.4987e-03 1.0487e-03 3.8731e-04
5.0 5.7881e-03 3.8353e-03 2.1765e-03 8.9368e-04 2.6972e-04
5.4 4.4834e-03 2.8480e-03 1.4110e-03 5.8799e-04 1.0961e-04
5.8 3.5222e-03 2.0235e-03 8.8790e-04 1.9564e-04 5.4136e-05
6.2 2.8376e-03 1.5563e-03 5.7508e-04 1.2283e-04 3.4894e-05
6.6 2.2431e-03 1.0892e-03 4.0798e-04 7.9711e-05 1.9997e-05
7.0 1.7853e-03 8.5755e-04 2.8839e-04 5.9783e-05 1.3190e-05
7.4 1.4393e-03 6.3656e-04 1.9246e-04 3.8822e-05 0
7.8 1.1789e-03 4.8487e-04 1.2877e-04 1.9580e-05 0
8.2 9.5046e-04 3.5959e-04 9.3396e-05 1.4860e-05 0
8.6 7.7777e-04 2.7465e-04 6.5820e-05 1.0459e-05 0
9.0 6.3875e-04 2.1809e-04 4.5487e-05 8.7663e-06 0
9.4 5.3335e-04 1.7292e-04 3.3995e-05 0 0
9.8 4.4692e-04 1.3131e-04 2.4637e-05 0 0
10.2 3.6279e-04 1.0219e-04 1.9162e-05 0 0
10.6 3.0099e-04 7.8245e-05 1.4025e-05 0 0
11.0 2.5674e-04 6.2131e-05 1.0788e-05 0 0
11.4 2.1742e-04 4.9817e-05 9.3684e-06 0 0
11.8 1.8025e-04 3.9494e-05 7.9478e-06 0 0
12.2 1.4726e-04 3.1200e-05 6.9363e-06 0 0
12.6 1.2631e-04 2.4862e-05 0 0 0
13.0 1.0905e-04 2.1067e-05 0 0 0
13.4 9.3663e-05 1.6886e-05 0 0 0
13.8 7.7938e-05 1.4556e-05 0 0 0
14.2 6.4710e-05 1.1786e-05 0 0 0
14.6 5.5806e-05 1.0180e-05 0 0 0
15.0 4.9283e-05 9.3326e-06 0 0 0
16.0 3.3041e-05 6.5248e-06 0 0 0
17.0 2.2890e-05 5.0481e-06 0 0 0
18.0 1.6703e-05 4.4253e-06 0 0 0
19.0 1.2463e-05 0 0 0 0
20.0 9.7688e-06 0 0 0 0
21.0 7.8921e-06 0 0 0 0
22.0 6.2811e-06 0 0 0 0
23.0 5.3729e-06 0 0 0 0
24.0 4.5571e-06 0 0 0 0
25.0 4.2433e-06 0 0 0 0
26.0 3.7209e-06 0 0 0 0
27.0 3.3674e-06 0 0 0 0
28.0 3.1938e-06 0 0 0 0
29.0 3.0204e-06 0 0 0 0
30.0 0 0 0 0 0
