0 0.25 0.35 0.45 0.55 0.64
2.0 5.9648e-02 6.2474e-02 6.4735e-02 6.6076e-02 6.4606e-02
2.2 4.7897e-02 5.0344e-02 5.2083e-02 5.2931e-02 5.0158e-02
2.4 3.9789e-02 4.1856e-02 4.3041e-02 4.3481e-02 3.9354e-02
2.6 3.3854e-02 3.5363e-02 3.5840e-02 3.5481e-02 3.0555e-02
2.8 2.9062e-02 3.0067e-02 2.9904e-02 2.6513e-02 2.2903e-02
3.0 2.5198e-02 2.5529e-02 2.4453e-02 2.0015e-02 1.5843e-02
3.2 2.1915e-02 2.1576e-02 1.9645e-02 1.6067e-02 1.0061e-02
3.4 1.8891e-02 1.7936e-02 1.5113e-02 1.1366e-02 5.2250e-03
3.6 1.6129e-02 1.4600e-02 1.1083e-02 6.4577e-03 3.3830e-03
3.8 1.3816e-02 1.1707e-02 8.1696e-03 4.6578e-03 2.0798e-03
4.0 1.1636e-02 8.9337e-03 6.0044e-03 3.5683e-03 1.0051e-03
4.2 9.8468e-03 7.3030e-03 4.6600e-03 1.9322e-03 1.0476e-03
4.4 8.4606e-03 6.3324e-03 3.7760e-03 1.1816e-03 8.0026e-04
4.6 7.4786e-03 5.3876e-03 3.2824e-03 1.2132e-03 5.9882e-04
4.8 6.5021e-03 4.6876e-03 2.6610e-03 1.0849e-03 4.0616e-04
5.0 5.7356e-03 3.9691e-03 2.2920e-03 9.0910e-04 2.8432e-04
5.4 4.4995e-03 2.9725e-03 1.5063e-03 5.9693e-04 1.2178e-04
5.8 3.5797e-03 2.1475e-03 9.6895e-04 2.3504e-04 6.1086e-05
6.2 2.8999e-03 1.6569e-03 6.4512e-04 1.4960e-04 3.5927e-05
6.6 2.3261e-03 1.1886e-03 4.5699e-04 9.1014e-05 1.8705e-05
7.0 1.8745e-03 9.3542e-04 3.2362e-04 6.4764e-05 1.0969e-05
7.4 1.5235e-03 7.0323e-04 2.1988e-04 4.1793e-05 0
7.8 1.2564e-03 5.4257e-04 1.4966e-04 2.1862e-05 0
8.2 1.0223e-03 4.0782e-04 1.0852e-04 1.5259e-05 0
8.6 8.4470e-04 3.1355e-04 7.6371e-05 9.3283e-06 0
9.0 7.0175e-04 2.4964e-04 5.2881e-05 7.7623e-06 0
9.4 5.8807e-04 1.9845e-04 3.8785e-05 0 0
9.8 4.9488e-04 1.5217e-04 2.7558e-05 0 0
10.2 4.0727e-04 1.1911e-04 2.0244e-05 0 0
10.6 3.4034e-04 9.2135e-05 1.4268e-05 0 0
11.0 2.9145e-04 7.3511e-05 1.0215e-05 0 0
11.4 2.4757e-04 5.8778e-05 8.1796e-06 0 0
11.8 2.0680e-04 4.6697e-05 6.5213e-06 0 0
12.2 1.7088e-04 3.6652e-05 5.2818e-06 0 0
12.6 1.4753e-04 2.8899e-05 4.2857e-06 0 0
13.0 1.2740e-04 2.3567e-05 0 0 0
13.4 1.0933e-04 1.8458e-05 0 0 0
13.8 9.2009e-05 1.5066e-05 0 0 0
14.2 7.7104e-05 1.2016e-05 0 0 0
14.6 6.6746e-05 9.8062e-06 0 0 0
15.0 5.8855e-05 8.4398e-06 0 0 0
16.0 3.9422e-05 5.3513e-06 0 0 0
17.0 2.7131e-05 3.8105e-06 0 0 0
18.0 1.8940e-05 3.0957e-06 0 0 0
19.0 1.3345e-05 2.3721e-06 0 0 0
20.0 9.5900e-06 0 0 0 0
21.0 7.2078e-06 0 0 0 0
22.0 5.3667e-06 0 0 0 0
23.0 4.2484e-06 0 0 0 0
24.0 3.4265e-06 0 0 0 0
25.0 2.9827e-06 0 0 0 0
26.0 2.5433e-06 0 0 0 0
27.0 2.2955e-06 0 0 0 0
28.0 2.1426e-06 0 0 0 0
29.0 1.9656e-06 0 0 0 0
30.0 1.7255e-06 0 0 0 0
